# Frame list with one line of data per frame:
#   FRAME_ID, RIG_ID, RIG_FROM_WORLD[QW, QX, QY, QZ, TX, TY, TZ], NUM_DATA_IDS, DATA_IDS[] as (SENSOR_TYPE, SENSOR_ID, DATA_ID)
# Number of frames: 68
1 1 0.70693471831552601 0.023034509469837754 0.59861792917384171 0.3759910774011177 0.30155687066233916 -2.6357407074076158 2.9163230971986023 1 CAMERA 1 1
2 1 0.70516096506517545 0.019501743608656013 0.60042392636655773 0.37664147938210318 0.24923487395030419 -2.6354233023279856 2.9733973006328021 1 CAMERA 1 2
3 1 0.70239154658971648 0.015320632460827417 0.60273619816617807 0.3783126602698994 0.11908708022436923 -2.63330493234524 2.9881086744496481 1 CAMERA 1 3
4 1 0.69755673846895816 0.0090340596928441194 0.60451958626019986 0.38456345667498443 0.012286496147373602 -2.5514309659019299 2.946457914302937 1 CAMERA 1 4
5 1 0.68923569359392678 0.0038579300881149171 0.60754867638631294 0.39474533673340984 -0.0045346838218749182 -2.3646959001292114 2.6756563800660902 1 CAMERA 1 5
6 1 0.66715537346397746 -0.0010487207160401809 0.62086997647631081 0.41161034991033207 0.065341368134458622 -2.1619621947295999 2.454830491122669 1 CAMERA 1 6
7 1 0.63065234079607857 -0.0056968156904358448 0.6437867947753092 0.43334020608795343 0.069965014225679453 -2.0340893891344258 2.2823844275598755 1 CAMERA 1 7
8 1 0.58662427547113183 -0.011864332004277871 0.67052621158916503 0.45401078910742237 -0.11423916752313197 -1.9104462988511777 2.2537473865224933 1 CAMERA 1 8
9 1 0.55153487184954353 -0.021298385884768487 0.68922937969545328 0.46938100308516095 -0.22008110819213347 -1.8263995593166935 2.2597189922884455 1 CAMERA 1 9
10 1 0.52971944860748776 -0.026987222354146356 0.69995021687397962 0.47826633740485658 -0.37943493400469597 -1.7489968314230784 2.1835411086057945 1 CAMERA 1 10
11 1 0.50545192062400301 -0.028779847632792593 0.71113756607866618 0.48782521298047993 -0.62081121817658014 -1.6455799725209508 2.0566495072575699 1 CAMERA 1 11
12 1 0.46360137153276559 -0.031687667175462494 0.72838518234301719 0.50351234960529578 -0.74373477415335953 -1.6060072534593735 2.0306686944834613 1 CAMERA 1 12
13 1 0.40406574804124967 -0.034360274064280348 0.75131910600936858 0.52064368215832202 -0.86351936470160195 -1.645102831495818 2.0616217556531811 1 CAMERA 1 13
14 1 0.35091155706291777 -0.038700727993037781 0.77025738273402222 0.53109970543789742 -1.0185273874058212 -1.6719211814265289 2.1732056570961165 1 CAMERA 1 14
15 1 0.31515847612883946 -0.050469609849316817 0.78025036290674576 0.53790085014777322 -1.1800502260711399 -1.7263512769820437 2.1856198991394198 1 CAMERA 1 15
16 1 0.28196520037320272 -0.057775548874143871 0.78623542410723324 0.5468011243676355 -1.4200193356081356 -1.7586841476751349 2.1539016200581198 1 CAMERA 1 16
17 1 0.23769680674451144 -0.063471211750086146 0.79283660385650889 0.55756771151826501 -1.5181984805976689 -1.8156832875835478 2.2422858876621041 1 CAMERA 1 17
18 1 0.18042675362376268 -0.068972205297416961 0.80012866181429754 0.56787599528106725 -1.486548083772858 -1.987220678388407 2.4263945751711469 1 CAMERA 1 18
19 1 0.11973805902415963 -0.072563204497104392 0.80653779106575318 0.57436414421254878 -1.4720264206538187 -2.2529831108065834 2.7535608836501968 1 CAMERA 1 19
20 1 0.064452476850533971 -0.080670615723489922 0.8109103680888472 0.57598828539531499 -1.3681517655170135 -2.4356312031196858 2.9971323249166648 1 CAMERA 1 20
21 1 0.011072099345202344 -0.090691255465039214 0.81288536443101977 0.57521290761952926 -1.2870264141813015 -2.5160699312873369 3.0613438549850192 1 CAMERA 1 21
22 1 -0.040526234953891196 -0.096071124093142168 0.81278939322073007 0.57315038660356799 -1.2189543840551613 -2.4934256478372658 3.0957312333844524 1 CAMERA 1 22
23 1 -0.098300851647370804 -0.10243128194653972 0.8161783596218497 0.5600871899349037 -1.0034843132998743 -2.419450066489619 3.2235383049475606 1 CAMERA 1 23
24 1 -0.15254697678074311 -0.10662882391418531 0.82476880717490753 0.53396266582694107 -0.92537381088792769 -2.284184376920904 3.3400793985127968 1 CAMERA 1 24
25 1 -0.1830178458960742 -0.10876705992778157 0.83020599282766783 0.51520112988157685 -1.0586139676718511 -2.1335572009731361 3.3367613972080101 1 CAMERA 1 25
26 1 -0.21188825157733887 -0.10720438267622373 0.82420277724885116 0.51410151833445195 -1.0256114011929869 -2.084870103121315 3.2433155201411887 1 CAMERA 1 26
27 1 -0.26557901051539906 -0.10321404139842212 0.80818755634580208 0.51541005481040758 -0.86239276768451445 -2.1055412345643747 3.13824729444076 1 CAMERA 1 27
28 1 -0.33355946653856272 -0.093805914676372185 0.78486612934561295 0.51373504032747708 -0.7100095842226033 -2.1352825540127984 3.1047906622857289 1 CAMERA 1 28
29 1 -0.39889731926731792 -0.09289758039093847 0.75910026745586445 0.50598196824322872 -0.56971481902333565 -2.177056574597565 3.1299276994767591 1 CAMERA 1 29
30 1 -0.46757376313577564 -0.10146230557647459 0.72776247791482995 0.49136743106704023 -0.329063196766128 -2.2640249035720306 3.1177854616617191 1 CAMERA 1 30
31 1 0.53458221374247361 0.10577473573985409 -0.69267340340899319 -0.47247975431669303 -0.070573961493702264 -2.2829307433084849 3.0701179087056754 1 CAMERA 1 31
32 1 0.60074082581186727 0.10648017187676027 -0.65453137202460365 -0.44649873038516147 0.25289345241434735 -2.2573782730050675 3.1554811464778822 1 CAMERA 1 32
33 1 0.66139712617865409 0.10342435512217862 -0.61723260036188721 -0.4133777464991093 0.52421685935433704 -2.277961252381123 3.3083868228287994 1 CAMERA 1 33
34 1 0.71003740412730743 0.098052137214282922 -0.58234144465859927 -0.38355065501287022 0.73197394278771255 -2.3456801588037064 3.5129819157557916 1 CAMERA 1 34
35 1 0.74549990629112173 0.09771538515038114 -0.55376754863598188 -0.35780315161068232 0.89717826821046498 -2.3846401115818177 3.6062536710160491 1 CAMERA 1 35
36 1 0.7779448615304867 0.10116967971196876 -0.5226105899291823 -0.33383328117364491 0.96731052940296336 -2.3696713796367805 3.4946786001317012 1 CAMERA 1 36
37 1 0.81360202086081679 0.10316090470236107 -0.48205606911392979 -0.30827183721937917 1.1040408423057304 -2.2704094812364017 3.3082954338645369 1 CAMERA 1 37
38 1 0.84956526044558134 0.10299160053747224 -0.43637735619269574 -0.27786039923860045 1.2981393936210626 -2.1579615120240456 3.1797809602239528 1 CAMERA 1 38
39 1 0.87969294687313915 0.098961286557394709 -0.39563839871171047 -0.24457563339259955 1.2981770715367571 -2.0918798815723552 3.1312503259837658 1 CAMERA 1 39
40 1 0.89956094579718737 0.093179614568331626 -0.36601545687006803 -0.2194090917841883 1.2143814458628541 -2.0589914183484477 3.0959154660259651 1 CAMERA 1 40
41 1 0.91485150999575182 0.090225811289695229 -0.33785963782677048 -0.20188333948885601 1.051847966795866 -2.011945698941052 2.9097437842312672 1 CAMERA 1 41
42 1 0.93282962827442772 0.088405644827822594 -0.29845568726176336 -0.18148699489792294 0.94699269905919736 -1.9152208748066943 2.7151942127607627 1 CAMERA 1 42
43 1 0.95155174513011398 0.085769545319361318 -0.25123762132632921 -0.15515321158723297 0.92864243094529475 -1.8896182196748987 2.6220631249069455 1 CAMERA 1 43
44 1 0.96710105404690305 0.080248568664370828 -0.20479336805968471 -0.12780999525647255 0.83119967646893689 -1.9666926966460079 2.7017850973034188 1 CAMERA 1 44
45 1 0.976357748097053 0.0747001748283663 -0.17274154906755823 -0.1063286830408601 0.71591066993207053 -2.0614297241368593 2.7873002237477342 1 CAMERA 1 45
46 1 0.9829827311098287 0.072443533586014672 -0.14397618107941071 -0.088134806196093401 0.52888779582509537 -2.1269237618340782 2.7426376623304249 1 CAMERA 1 46
47 1 0.98999140538025465 0.069854416682777226 -0.10279020334500402 -0.066869663072502486 0.3749469391221612 -2.1357114457427215 2.7173730016622502 1 CAMERA 1 47
48 1 0.99573239263801816 0.063538694498029097 -0.054172252859380141 -0.039309077488454996 0.36250171487130106 -2.1675804087098562 2.7932568680230636 1 CAMERA 1 48
49 1 0.99861309133270293 0.051235783441124901 -0.0057047180834378323 -0.010688522147871006 0.33448036024006345 -2.2901585902718802 3.0096810883038398 1 CAMERA 1 49
50 1 0.99845901476580989 0.042073984670034141 0.032397654071295273 0.016117309252806897 0.35238931040441746 -2.3716463662531924 3.1682505334138908 1 CAMERA 1 50
51 1 0.99611472101239562 0.039941761531185505 0.065424281302997753 0.043356449164680677 0.36868154372161105 -2.4192633496847309 3.1135148420421177 1 CAMERA 1 51
52 1 0.99047414899124109 0.04014436634585352 0.10932027198381718 0.073474268721443789 0.42356400076420125 -2.3717661033331452 3.0086300955834373 1 CAMERA 1 52
53 1 0.98044165127095217 0.032634514936352686 0.16060400364238317 0.10897481774242694 0.62353859495703734 -2.2725297739520398 2.9695927878245354 1 CAMERA 1 53
54 1 0.96721549830992803 0.014579147487947442 0.20947422107532024 0.14283619636664324 0.7224002760121272 -2.1780595150946551 3.0018788282292563 1 CAMERA 1 54
55 1 0.95466359827628267 -0.0026943928284399463 0.24337117866988298 0.17140777043733516 0.71678333083866641 -2.0544169989654963 3.0769248126785436 1 CAMERA 1 55
56 1 0.94417085067091389 -0.0071776351704655305 0.26395890660102816 0.1970167046793547 0.67245246494141764 -2.0372651230560677 2.9895590071763656 1 CAMERA 1 56
57 1 0.93317987643175837 -0.0037089354723462385 0.28548630101454914 0.21830972024511486 0.51832252537500001 -2.0343922841164175 2.8192963658445716 1 CAMERA 1 57
58 1 0.91952131999606135 -0.0018255174526265437 0.31252132064519184 0.2383435203669623 0.43305212984291047 -2.0059411264800056 2.7283266327615712 1 CAMERA 1 58
59 1 0.90284380375451179 -0.0064763793511018238 0.34585031565761548 0.25537948565245627 0.33508870140313501 -2.0311129751165264 2.6974035610470541 1 CAMERA 1 59
60 1 0.88735088090276859 -0.016276286995432956 0.37396994732018146 0.26923962402303203 0.16243943545933973 -2.0321760144524443 2.7811777190360276 1 CAMERA 1 60
61 1 0.87139757638172655 -0.024420734117019314 0.399866391084091 0.28315501214462635 0.10020682619121986 -1.9517159444459182 2.7080450697218805 1 CAMERA 1 61
62 1 0.84913066626821809 -0.024767836984877872 0.43271942689762549 0.30185685918887678 0.044797132918930976 -1.8784086117559986 2.5584387119110827 1 CAMERA 1 62
63 1 0.81519025378093346 -0.025319658942135202 0.47553332472413051 0.32968442803451625 0.10894583439288009 -1.8664090653735983 2.511720685229379 1 CAMERA 1 63
64 1 0.77572733382190462 -0.029352091974870438 0.51880186254535465 0.35809242616638681 0.21300633531857224 -1.9121574767776686 2.6013722127198706 1 CAMERA 1 64
65 1 0.74296151365041718 -0.036063321282452689 0.55041189720899097 0.37914953448891203 0.26445175825792205 -1.9469384718443989 2.7133397965726651 1 CAMERA 1 65
66 1 0.72436709287447332 -0.044028753430458804 0.56638384977759326 0.3905932901920573 0.18213974479010597 -1.9111311411447405 2.6747656924133745 1 CAMERA 1 66
67 1 0.70734271943371907 -0.049330817323595864 0.57922192803144357 0.40216253656181661 0.067845369388447929 -1.8318684134739589 2.5747641723758448 1 CAMERA 1 67
68 1 0.69058685563500399 -0.053479115903314729 0.59103936394175982 0.41340325259687793 0.040758072083047034 -1.7822063837288846 2.518451496354515 1 CAMERA 1 68
